atmospheric layer data
 layer baseH(km)  delH(km)  baseP(atm)  baseT(K)   totam(molecule cm-2) layerP(atm) layerT(K)
         absorber amounts (molecule cm-2)and partial pressures (atm): H2, He, CH4, H2S, NH3, N2
         aerosol opacities at 800 nm (Aerosols 1,2, 3)
  1 -137.18   15.61 0.40000E+02  256.648 0.16353E+28 0.35418E+02  247.270
         0.13160E+28 0.28503E+02 0.23294E+27 0.50450E+01 0.78220E+26 0.16941E+01
         0.16304E+25 0.35313E-01 0.16304E+25 0.35313E-01 0.48913E+25 0.10594E+00
         0.00000E+00 0.00000E+00 0.69961E-32
  2 -121.58   23.12 0.30823E+02  237.052 0.19230E+28 0.25405E+02  222.047
         0.15475E+28 0.20445E+02 0.27391E+27 0.36187E+01 0.91979E+26 0.12152E+01
         0.19173E+25 0.25329E-01 0.19173E+25 0.25329E-01 0.57517E+25 0.75987E-01
         0.00000E+00 0.00000E+00 0.82268E-32
  3  -98.45   16.22 0.20000E+02  204.721 0.10492E+28 0.17053E+02  192.427
         0.84441E+27 0.13724E+02 0.14946E+27 0.24292E+01 0.50186E+26 0.81569E+00
         0.10461E+25 0.17002E-01 0.10027E+25 0.16395E-01 0.31383E+25 0.51007E-01
         0.00000E+00 0.00000E+00 0.44891E-32
  4  -82.23   10.78 0.14103E+02  178.639 0.57895E+27 0.12485E+02  170.057
         0.46626E+27 0.10054E+02 0.82528E+26 0.17796E+01 0.27692E+26 0.59716E+00
         0.57722E+24 0.12447E-01 0.16720E+24 0.37548E-02 0.17317E+25 0.37342E-01
         0.55921E-27 0.00000E+00 0.12862E-28
  5  -71.46    9.85 0.10868E+02  161.485 0.44766E+27 0.96197E+01  154.868
         0.36066E+27 0.77500E+01 0.63836E+26 0.13717E+01 0.21412E+26 0.46012E+00
         0.39887E+24 0.86616E-02 0.17045E+23 0.38042E-03 0.13390E+25 0.28772E-01
         0.33363E-12 0.00000E+00 0.36610E-24
  6  -61.61    9.13 0.83743E+01  148.265 0.34720E+27 0.74127E+01  142.656
         0.27990E+27 0.59757E+01 0.49542E+26 0.10577E+01 0.16607E+26 0.35456E+00
         0.11470E+24 0.25147E-02 0.19835E+22 0.44035E-04 0.10385E+25 0.22171E-01
         0.13727E-03 0.00000E+00 0.48128E-20
  7  -52.47    8.48 0.64531E+01  136.683 0.26839E+27 0.57127E+01  131.949
         0.21642E+27 0.46065E+01 0.38305E+26 0.81533E+00 0.12837E+26 0.27324E+00
         0.24585E+23 0.53668E-03 0.20988E+21 0.46383E-05 0.80274E+24 0.17087E-01
         0.28791E+00 0.11861E-18 0.31970E-16
  8  -44.00    7.88 0.49726E+01  127.183 0.20714E+27 0.44021E+01  122.559
         0.16704E+27 0.35499E+01 0.29566E+26 0.62832E+00 0.99076E+25 0.21056E+00
         0.52645E+22 0.11529E-03 0.22728E+20 0.50446E-06 0.61955E+24 0.13167E-01
         0.22789E+00 0.77071E-07 0.11464E-12
  9  -36.11    7.28 0.38317E+01  117.687 0.15974E+27 0.33921E+01  113.077
         0.12882E+27 0.27355E+01 0.22801E+26 0.48419E+00 0.76404E+25 0.16225E+00
         0.85478E+21 0.18789E-04 0.16503E+19 0.36807E-07 0.47777E+24 0.10146E-01
         0.43377E-04 0.80873E-01 0.21178E-09
 10  -28.83    4.34 0.29526E+01  108.322 0.82299E+26 0.27263E+01  105.345
         0.66369E+26 0.21986E+01 0.11747E+26 0.38915E+00 0.39365E+25 0.13040E+00
         0.90832E+20 0.30609E-05 0.74723E+17 0.25378E-08 0.24616E+24 0.81544E-02
         0.51071E-13 0.14605E+01 0.18656E-07
 11  -24.50    2.35 0.25000E+01  102.358 0.40860E+26 0.23877E+01  100.821
         0.32951E+26 0.19256E+01 0.58323E+25 0.34083E+00 0.19544E+25 0.11421E+00
         0.15692E+20 0.92228E-06 0.72825E+16 0.42920E-09 0.12221E+24 0.71417E-02
         0.92635E-22 0.61773E+00 0.20393E-06
 12  -22.14    1.94 0.22752E+01   99.160 0.31921E+26 0.21876E+01   97.712
         0.25742E+26 0.17642E+01 0.45563E+25 0.31226E+00 0.15268E+25 0.10463E+00
         0.57169E+19 0.39370E-06 0.18047E+16 0.12457E-09 0.95474E+23 0.65431E-02
         0.52086E-27 0.80562E-01 0.14488E-05
 13  -20.20    2.35 0.21000E+01   96.250 0.36406E+26 0.19999E+01   94.577
         0.29359E+26 0.16128E+01 0.51966E+25 0.28547E+00 0.17413E+25 0.95657E-01
         0.28894E+19 0.15991E-06 0.61231E+15 0.34008E-10 0.10889E+24 0.59817E-02
         0.18051E-32 0.49238E-02 0.17571E-04
 14  -17.86    2.54 0.19000E+01   92.908 0.36935E+26 0.17987E+01   90.898
         0.29846E+26 0.14533E+01 0.52827E+25 0.25724E+00 0.16964E+25 0.82770E-01
         0.10703E+19 0.52728E-07 0.14082E+15 0.69716E-11 0.11047E+24 0.53800E-02
         0.00000E+00 0.36386E-04 0.19704E-03
 15  -15.31    3.05 0.17000E+01   88.667 0.41430E+26 0.15984E+01   86.284
         0.34404E+26 0.13271E+01 0.60896E+25 0.23490E+00 0.81292E+24 0.31609E-01
         0.28549E+18 0.11185E-07 0.19041E+14 0.75086E-12 0.12392E+24 0.47808E-02
         0.00000E+00 0.13946E-07 0.89343E-03
 16  -12.27    3.49 0.15000E+01   83.975 0.43942E+26 0.13994E+01   81.574
         0.36849E+26 0.11734E+01 0.65222E+25 0.20769E+00 0.43891E+24 0.14093E-01
         0.58404E+17 0.18977E-08 0.17680E+13 0.57899E-13 0.13143E+24 0.41856E-02
         0.00000E+00 0.85149E-13 0.13344E-02
 17   -8.77    1.90 0.13000E+01   79.177 0.22403E+26 0.12498E+01   77.962
         0.18869E+26 0.10526E+01 0.33398E+25 0.18631E+00 0.12750E+24 0.71312E-02
         0.64823E+16 0.36407E-09 0.87078E+11 0.49070E-14 0.67009E+23 0.37381E-02
         0.00000E+00 0.10897E-19 0.71902E-03
 18   -6.87    3.29 0.12000E+01   76.756 0.36184E+26 0.11204E+01   74.799
         0.30546E+26 0.94578E+00 0.54066E+25 0.16740E+00 0.12348E+24 0.38537E-02
         0.28962E+16 0.91444E-10 0.21583E+11 0.68682E-15 0.10823E+24 0.33511E-02
         0.00000E+00 0.68390E-26 0.12062E-02
 19   -3.58    5.70 0.10410E+01   72.802 0.55077E+26 0.92151E+00   69.778
         0.46589E+26 0.77946E+00 0.82461E+25 0.13796E+00 0.77400E+23 0.13270E-02
         0.51111E+15 0.90368E-11 0.15132E+10 0.27177E-16 0.16474E+24 0.27562E-02
         0.00000E+00 0.31017E-36 0.19317E-02
 20    2.12    5.30 0.80220E+00   66.817 0.42631E+26 0.71011E+00   64.543
         0.36095E+26 0.60123E+00 0.63887E+25 0.10641E+00 0.19876E+23 0.33822E-03
         0.20770E+14 0.36386E-12 0.13960E+08 0.24857E-18 0.12751E+24 0.21239E-02
         0.00000E+00 0.00000E+00 0.15905E-02
 21    7.42    4.96 0.61816E+00   62.204 0.32923E+26 0.54722E+00   60.300
         0.27883E+26 0.46346E+00 0.49353E+25 0.82031E-01 0.55880E+22 0.94816E-04
         0.10739E+13 0.18743E-13 0.18497E+06 0.32803E-20 0.98472E+23 0.16367E-02
         0.00000E+00 0.00000E+00 0.13102E-02
 22   12.38    4.68 0.47634E+00   58.290 0.25402E+26 0.42170E+00   56.810
         0.21516E+26 0.35719E+00 0.38083E+25 0.63221E-01 0.16822E+22 0.28376E-04
         0.62380E+11 0.10801E-14 0.28295E+04 0.49821E-22 0.75978E+23 0.12613E-02
         0.00000E+00 0.00000E+00 0.10853E-02
 23   17.06    4.51 0.36705E+00   55.501 0.19615E+26 0.32518E+00   54.608
         0.16615E+26 0.27544E+00 0.29409E+25 0.48752E-01 0.72821E+21 0.12183E-04
         0.83682E+10 0.14258E-15 0.14229E+03 0.24550E-23 0.58669E+23 0.97260E-03
         0.00000E+00 0.00000E+00 0.91751E-03
 24   21.57    4.39 0.28284E+00   53.742 0.15100E+26 0.25057E+00   53.161
         0.12790E+26 0.21225E+00 0.22639E+25 0.37568E-01 0.40459E+21 0.67439E-05
         0.20464E+10 0.34559E-16 0.17516E+02 0.29874E-24 0.45163E+23 0.74946E-03
         0.00000E+00 0.00000E+00 0.78280E-03
 25   25.96    4.31 0.21795E+00   52.606 0.11631E+26 0.19312E+00   52.272
         0.98522E+25 0.16358E+00 0.17438E+25 0.28954E-01 0.27804E+21 0.46178E-05
         0.83396E+09 0.13959E-16 0.46016E+01 0.77500E-25 0.34789E+23 0.57761E-03
         0.00000E+00 0.00000E+00 0.67502E-03
 26   30.27    4.29 0.16795E+00   51.961 0.90021E+25 0.14879E+00   51.828
         0.76253E+25 0.12603E+00 0.13497E+25 0.22308E-01 0.23120E+21 0.38085E-05
         0.52926E+09 0.87520E-17 0.23657E+01 0.39191E-25 0.26925E+23 0.44502E-03
         0.00000E+00 0.00000E+00 0.59002E-03
 27   34.56    4.29 0.12942E+00   51.726 0.69306E+25 0.11458E+00   51.758
         0.58706E+25 0.97058E-01 0.10391E+25 0.17180E-01 0.22523E+21 0.36990E-05
         0.40513E+09 0.66980E-17 0.17595E+01 0.29089E-25 0.20730E+23 0.34272E-03
         0.00000E+00 0.00000E+00 0.51692E-03
 28   38.85    4.32 0.99725E-01   51.870 0.53311E+25 0.88268E-01   52.194
         0.45156E+25 0.74766E-01 0.79925E+24 0.13233E-01 0.27491E+21 0.44962E-05
         0.31163E+09 0.51597E-17 0.13534E+01 0.22408E-25 0.15945E+23 0.26401E-03
         0.00000E+00 0.00000E+00 0.45693E-03
 29   43.17    4.38 0.76846E-01   52.583 0.41029E+25 0.68011E-01   52.972
         0.34751E+25 0.57606E-01 0.61510E+24 0.10196E-01 0.38201E+21 0.62496E-05
         0.23983E+09 0.39756E-17 0.10416E+01 0.17266E-25 0.12272E+23 0.20342E-03
         0.00000E+00 0.00000E+00 0.40654E-03
 30   47.55    4.44 0.59215E-01   53.439 0.31512E+25 0.52434E-01   53.951
         0.26688E+25 0.44407E-01 0.47236E+24 0.78599E-02 0.57084E+21 0.93532E-05
         0.18420E+09 0.30650E-17 0.79998E+00 0.13311E-25 0.94251E+22 0.15683E-03
         0.00000E+00 0.00000E+00 0.36159E-03
 31   51.99    4.57 0.45630E-01   54.570 0.24399E+25 0.40439E-01   55.254
         0.20660E+25 0.34242E-01 0.36568E+24 0.60607E-02 0.96427E+21 0.15699E-04
         0.14263E+09 0.23639E-17 0.61942E+00 0.10266E-25 0.72978E+22 0.12095E-03
         0.00000E+00 0.00000E+00 0.32560E-03
 32   56.56    4.68 0.35161E-01   56.038 0.18746E+25 0.31175E-01   56.831
         0.15865E+25 0.26383E-01 0.28080E+24 0.46698E-02 0.17391E+22 0.28372E-04
         0.10958E+09 0.18223E-17 0.47590E+00 0.79144E-26 0.56069E+22 0.93244E-04
         0.00000E+00 0.00000E+00 0.29206E-03
 33   61.24    4.83 0.27094E-01   57.769 0.14412E+25 0.24019E-01   58.699
         0.12190E+25 0.20315E-01 0.21576E+24 0.35959E-02 0.21323E+22 0.35498E-04
         0.84244E+08 0.14040E-17 0.36587E+00 0.60976E-26 0.43105E+22 0.71840E-04
         0.00000E+00 0.00000E+00 0.26411E-03
 34   66.07    5.02 0.20878E-01   59.924 0.11092E+25 0.18509E-01   61.158
         0.93819E+24 0.15655E-01 0.16606E+24 0.27710E-02 0.16638E+22 0.27764E-04
         0.64840E+08 0.10820E-17 0.28160E+00 0.46990E-26 0.33177E+22 0.55362E-04
         0.00000E+00 0.00000E+00 0.24140E-03
 35   71.09    5.30 0.16088E-01   62.698 0.85850E+24 0.14259E-01   64.236
         0.72612E+24 0.12060E-01 0.12853E+24 0.21347E-02 0.12878E+22 0.21389E-04
         0.50184E+08 0.83352E-18 0.21795E+00 0.36200E-26 0.25678E+22 0.42649E-04
         0.00000E+00 0.00000E+00 0.22377E-03
 36   76.39    5.64 0.12397E-01   66.127 0.66228E+24 0.10977E-01   68.183
         0.56016E+24 0.92843E-02 0.99150E+23 0.16434E-02 0.99342E+21 0.16465E-04
         0.38714E+08 0.64166E-18 0.16813E+00 0.27867E-26 0.19809E+22 0.32832E-04
         0.00000E+00 0.00000E+00 0.20911E-03
 37   82.03    6.06 0.95530E-02   70.794 0.50816E+24 0.84524E-02   73.495
         0.42980E+24 0.71490E-02 0.76076E+23 0.12654E-02 0.76223E+21 0.12679E-04
         0.29704E+08 0.49408E-18 0.12901E+00 0.21458E-26 0.15199E+22 0.25281E-04
         0.00000E+00 0.00000E+00 0.19742E-03
 38   88.10    6.56 0.73613E-02   76.635 0.38959E+24 0.65147E-02   79.923
         0.32952E+24 0.55101E-02 0.58326E+23 0.97531E-03 0.58439E+21 0.97720E-05
         0.22774E+08 0.38082E-18 0.98906E-01 0.16539E-26 0.11653E+22 0.19485E-04
         0.00000E+00 0.00000E+00 0.18778E-03
 39   94.65   38.96 0.56724E-02   83.671 0.93004E+24 0.36727E-02   97.456
         0.78663E+24 0.31064E-02 0.13924E+24 0.54985E-03 0.13951E+22 0.55091E-05
         0.54365E+08 0.21469E-18 0.23611E+00 0.93240E-27 0.27818E+22 0.10985E-04
         0.00000E+00 0.00000E+00 0.77328E-03
