atmospheric layer data
 layer baseH(km)  delH(km)  baseP(atm)  baseT(K)   totam(molecule cm-2) layerP(atm) layerT(K)
         absorber amounts (molecule cm-2)and partial pressures (atm): H2, He, CH4, H2S, NH3, N2
         aerosol opacities at 800 nm (Aerosols 1,2, 3)
  1 -132.88   15.06 0.40000E+02  256.648 0.15777E+28 0.35419E+02  247.270
         0.12581E+28 0.28242E+02 0.22267E+27 0.49986E+01 0.89145E+26 0.20012E+01
         0.15730E+25 0.35313E-01 0.15730E+25 0.35313E-01 0.47190E+25 0.10594E+00
         0.00000E+00 0.00000E+00 0.67515E-32
  2 -117.82   22.31 0.30823E+02  237.052 0.18552E+28 0.25405E+02  222.046
         0.14793E+28 0.20257E+02 0.26183E+27 0.35854E+01 0.10482E+27 0.14354E+01
         0.18497E+25 0.25329E-01 0.18497E+25 0.25329E-01 0.55490E+25 0.75986E-01
         0.00000E+00 0.00000E+00 0.79389E-32
  3  -95.51   15.65 0.20000E+02  204.721 0.10121E+28 0.17053E+02  192.425
         0.80706E+27 0.13598E+02 0.14284E+27 0.24068E+01 0.57185E+26 0.96354E+00
         0.10091E+25 0.17002E-01 0.96721E+24 0.16394E-01 0.30272E+25 0.51006E-01
         0.00000E+00 0.00000E+00 0.43313E-32
  4  -79.86   10.39 0.14103E+02  178.639 0.55845E+27 0.12485E+02  170.057
         0.44563E+27 0.99624E+01 0.78875E+26 0.17633E+01 0.31553E+26 0.70541E+00
         0.55678E+24 0.12447E-01 0.16127E+24 0.37546E-02 0.16703E+25 0.37342E-01
         0.14321E-26 0.00000E+00 0.11084E-28
  5  -69.47    9.50 0.10868E+02  161.485 0.43171E+27 0.96198E+01  154.868
         0.34463E+27 0.76793E+01 0.60999E+26 0.13592E+01 0.24393E+26 0.54354E+00
         0.38467E+24 0.86620E-02 0.16439E+23 0.38045E-03 0.12913E+25 0.28773E-01
         0.83816E-12 0.00000E+00 0.31998E-24
  6  -59.97    8.81 0.83743E+01  148.265 0.33476E+27 0.74128E+01  142.657
         0.26740E+27 0.59212E+01 0.47329E+26 0.10480E+01 0.18914E+26 0.41884E+00
         0.11059E+24 0.25149E-02 0.19126E+22 0.44042E-04 0.10013E+25 0.22172E-01
         0.34666E-03 0.00000E+00 0.42740E-20
  7  -51.16    8.17 0.64531E+01  136.683 0.25874E+27 0.57126E+01  131.948
         0.20673E+27 0.45643E+01 0.36591E+26 0.80787E+00 0.14619E+26 0.32277E+00
         0.23700E+23 0.53662E-03 0.20231E+21 0.46376E-05 0.77389E+24 0.17086E-01
         0.72618E+00 0.13398E-24 0.28771E-16
  8  -42.99    7.60 0.49726E+01  127.183 0.19967E+27 0.44021E+01  122.559
         0.15955E+27 0.35175E+01 0.28240E+26 0.62260E+00 0.11282E+26 0.24873E+00
         0.50750E+22 0.11529E-03 0.21911E+20 0.50449E-06 0.59722E+24 0.13167E-01
         0.57465E+00 0.13713E-10 0.10433E-12
  9  -35.39    7.02 0.38317E+01  117.687 0.15399E+27 0.33921E+01  113.077
         0.12305E+27 0.27106E+01 0.21778E+26 0.47975E+00 0.87005E+25 0.19166E+00
         0.82407E+21 0.18790E-04 0.15911E+19 0.36811E-07 0.46057E+24 0.10146E-01
         0.10966E-03 0.16460E-02 0.19504E-09
 10  -28.37    4.18 0.29526E+01  108.322 0.79334E+26 0.27263E+01  105.344
         0.63394E+26 0.21785E+01 0.11220E+26 0.38557E+00 0.44825E+25 0.15404E+00
         0.87551E+20 0.30606E-05 0.72023E+17 0.25376E-08 0.23729E+24 0.81542E-02
         0.13073E-12 0.39955E+00 0.17333E-07
 11  -24.19    2.27 0.25000E+01  102.358 0.39396E+26 0.23876E+01  100.820
         0.31480E+26 0.19079E+01 0.55718E+25 0.33768E+00 0.22259E+25 0.13491E+00
         0.15125E+20 0.92191E-06 0.70179E+16 0.42895E-09 0.11783E+24 0.71414E-02
         0.23295E-21 0.95929E+00 0.19031E-06
 12  -21.93    1.87 0.22752E+01   99.160 0.30768E+26 0.21876E+01   97.713
         0.24586E+26 0.17480E+01 0.43515E+25 0.30939E+00 0.17384E+25 0.12360E+00
         0.55108E+19 0.39373E-06 0.17397E+16 0.12458E-09 0.92027E+23 0.65431E-02
         0.12910E-26 0.55170E+00 0.13550E-05
 13  -20.05    2.26 0.21000E+01   96.250 0.35078E+26 0.19999E+01   94.577
         0.28030E+26 0.15980E+01 0.49611E+25 0.28284E+00 0.19820E+25 0.11300E+00
         0.27837E+19 0.15989E-06 0.58989E+15 0.34003E-10 0.10492E+24 0.59816E-02
         0.32589E-32 0.12656E+00 0.16485E-04
 14  -17.79    2.47 0.19000E+01   92.908 0.35795E+26 0.17983E+01   90.888
         0.28681E+26 0.14407E+01 0.50764E+25 0.25500E+00 0.19297E+25 0.97156E-01
         0.10345E+19 0.52576E-07 0.13595E+15 0.69440E-11 0.10706E+24 0.53786E-02
         0.00000E+00 0.44809E-02 0.18717E-03
 15  -15.33    3.04 0.17000E+01   88.667 0.41383E+26 0.15981E+01   86.277
         0.34355E+26 0.13265E+01 0.60810E+25 0.23479E+00 0.82326E+24 0.32064E-01
         0.28454E+18 0.11158E-07 0.18957E+14 0.74823E-12 0.12378E+24 0.47800E-02
         0.00000E+00 0.13474E-04 0.87438E-03
 16  -12.28    3.50 0.15000E+01   83.975 0.43998E+26 0.13994E+01   81.573
         0.36896E+26 0.11734E+01 0.65305E+25 0.20769E+00 0.43945E+24 0.14092E-01
         0.58470E+17 0.18974E-08 0.17698E+13 0.57884E-13 0.13160E+24 0.41855E-02
         0.00000E+00 0.87195E-09 0.13074E-02
 17   -8.79    1.91 0.13000E+01   79.177 0.22444E+26 0.12498E+01   77.961
         0.18903E+26 0.10526E+01 0.33458E+25 0.18631E+00 0.12772E+24 0.71306E-02
         0.64929E+16 0.36400E-09 0.87215E+11 0.49059E-14 0.67129E+23 0.37381E-02
         0.00000E+00 0.15736E-14 0.70485E-03
 18   -6.88    3.30 0.12000E+01   76.756 0.36238E+26 0.11203E+01   74.798
         0.30592E+26 0.94574E+00 0.54147E+25 0.16740E+00 0.12364E+24 0.38529E-02
         0.28992E+16 0.91401E-10 0.21602E+11 0.68639E-15 0.10839E+24 0.33509E-02
         0.00000E+00 0.73070E-20 0.11821E-02
 19   -3.58    5.71 0.10410E+01   72.802 0.55158E+26 0.92145E+00   69.777
         0.46657E+26 0.77941E+00 0.82582E+25 0.13795E+00 0.77488E+23 0.13265E-02
         0.51140E+15 0.90279E-11 0.15133E+10 0.27138E-16 0.16498E+24 0.27561E-02
         0.00000E+00 0.61852E-29 0.18930E-02
 20    2.13    5.31 0.80220E+00   66.817 0.42696E+26 0.71009E+00   64.543
         0.36150E+26 0.60121E+00 0.63984E+25 0.10641E+00 0.19904E+23 0.33817E-03
         0.20795E+14 0.36373E-12 0.13974E+08 0.24843E-18 0.12770E+24 0.21239E-02
         0.00000E+00 0.00000E+00 0.15588E-02
 21    7.43    4.97 0.61816E+00   62.204 0.32971E+26 0.54722E+00   60.300
         0.27924E+26 0.46345E+00 0.49425E+25 0.82029E-01 0.55959E+22 0.94811E-04
         0.10753E+13 0.18741E-13 0.18521E+06 0.32797E-20 0.98616E+23 0.16367E-02
         0.00000E+00 0.00000E+00 0.12840E-02
 22   12.40    4.69 0.47634E+00   58.290 0.25443E+26 0.42168E+00   56.810
         0.21551E+26 0.35717E+00 0.38145E+25 0.63219E-01 0.16848E+22 0.28373E-04
         0.62469E+11 0.10799E-14 0.28332E+04 0.49805E-22 0.76101E+23 0.12613E-02
         0.00000E+00 0.00000E+00 0.10637E-02
 23   17.09    4.51 0.36705E+00   55.501 0.19646E+26 0.32517E+00   54.607
         0.16641E+26 0.27543E+00 0.29454E+25 0.48751E-01 0.72931E+21 0.12182E-04
         0.83797E+10 0.14255E-15 0.14247E+03 0.24542E-23 0.58761E+23 0.97258E-03
         0.00000E+00 0.00000E+00 0.89925E-03
 24   21.61    4.39 0.28284E+00   53.742 0.15124E+26 0.25057E+00   53.161
         0.12811E+26 0.21225E+00 0.22675E+25 0.37568E-01 0.40524E+21 0.67440E-05
         0.20497E+10 0.34560E-16 0.17545E+02 0.29876E-24 0.45236E+23 0.74946E-03
         0.00000E+00 0.00000E+00 0.76726E-03
 25   26.00    4.32 0.21795E+00   52.606 0.11648E+26 0.19311E+00   52.272
         0.98664E+25 0.16358E+00 0.17464E+25 0.28953E-01 0.27844E+21 0.46176E-05
         0.83513E+09 0.13958E-16 0.46079E+01 0.77492E-25 0.34839E+23 0.57760E-03
         0.00000E+00 0.00000E+00 0.66151E-03
 26   30.31    4.30 0.16795E+00   51.961 0.90178E+25 0.14879E+00   51.828
         0.76386E+25 0.12604E+00 0.13520E+25 0.22309E-01 0.23159E+21 0.38085E-05
         0.53018E+09 0.87524E-17 0.23698E+01 0.39194E-25 0.26972E+23 0.44504E-03
         0.00000E+00 0.00000E+00 0.57836E-03
 27   34.62    4.29 0.12942E+00   51.726 0.69401E+25 0.11459E+00   51.758
         0.58786E+25 0.97065E-01 0.10405E+25 0.17181E-01 0.22552E+21 0.36990E-05
         0.40568E+09 0.66985E-17 0.17619E+01 0.29092E-25 0.20758E+23 0.34275E-03
         0.00000E+00 0.00000E+00 0.50651E-03
 28   38.91    4.32 0.99725E-01   51.870 0.53394E+25 0.88271E-01   52.194
         0.45226E+25 0.74769E-01 0.80048E+24 0.13234E-01 0.27531E+21 0.44960E-05
         0.31211E+09 0.51599E-17 0.13555E+01 0.22409E-25 0.15970E+23 0.26402E-03
         0.00000E+00 0.00000E+00 0.44782E-03
 29   43.23    4.38 0.76846E-01   52.583 0.41094E+25 0.68011E-01   52.972
         0.34807E+25 0.57605E-01 0.61608E+24 0.10196E-01 0.38263E+21 0.62497E-05
         0.24022E+09 0.39756E-17 0.10433E+01 0.17266E-25 0.12291E+23 0.20342E-03
         0.00000E+00 0.00000E+00 0.39847E-03
 30   47.62    4.45 0.59215E-01   53.439 0.31565E+25 0.52433E-01   53.951
         0.26733E+25 0.44407E-01 0.47316E+24 0.78599E-02 0.57179E+21 0.93531E-05
         0.18451E+09 0.30650E-17 0.80133E+00 0.13311E-25 0.94410E+22 0.15683E-03
         0.00000E+00 0.00000E+00 0.35445E-03
 31   52.07    4.57 0.45630E-01   54.570 0.24433E+25 0.40440E-01   55.253
         0.20689E+25 0.34242E-01 0.36618E+24 0.60608E-02 0.96558E+21 0.15698E-04
         0.14282E+09 0.23639E-17 0.62028E+00 0.10266E-25 0.73079E+22 0.12096E-03
         0.00000E+00 0.00000E+00 0.31909E-03
 32   56.64    4.69 0.35161E-01   56.038 0.18776E+25 0.31174E-01   56.831
         0.15890E+25 0.26382E-01 0.28125E+24 0.46697E-02 0.17421E+22 0.28374E-04
         0.10975E+09 0.18222E-17 0.47667E+00 0.79140E-26 0.56159E+22 0.93240E-04
         0.00000E+00 0.00000E+00 0.28630E-03
 33   61.33    4.84 0.27094E-01   57.769 0.14435E+25 0.24018E-01   58.700
         0.12209E+25 0.20314E-01 0.21611E+24 0.35957E-02 0.21357E+22 0.35496E-04
         0.84378E+08 0.14039E-17 0.36645E+00 0.60973E-26 0.43174E+22 0.71836E-04
         0.00000E+00 0.00000E+00 0.25892E-03
 34   66.17    5.03 0.20878E-01   59.924 0.11110E+25 0.18509E-01   61.158
         0.93967E+24 0.15655E-01 0.16633E+24 0.27710E-02 0.16665E+22 0.27763E-04
         0.64943E+08 0.10819E-17 0.28205E+00 0.46988E-26 0.33230E+22 0.55360E-04
         0.00000E+00 0.00000E+00 0.23666E-03
 35   71.20    5.31 0.16088E-01   62.698 0.85982E+24 0.14259E-01   64.236
         0.72723E+24 0.12060E-01 0.12872E+24 0.21347E-02 0.12897E+22 0.21388E-04
         0.50261E+08 0.83350E-18 0.21828E+00 0.36199E-26 0.25717E+22 0.42648E-04
         0.00000E+00 0.00000E+00 0.21937E-03
 36   76.51    5.65 0.12397E-01   66.127 0.66325E+24 0.10977E-01   68.183
         0.56098E+24 0.92843E-02 0.99295E+23 0.16434E-02 0.99488E+21 0.16465E-04
         0.38770E+08 0.64165E-18 0.16838E+00 0.27867E-26 0.19838E+22 0.32832E-04
         0.00000E+00 0.00000E+00 0.20498E-03
 37   82.16    6.07 0.95530E-02   70.794 0.50895E+24 0.84529E-02   73.493
         0.43047E+24 0.71494E-02 0.76195E+23 0.12655E-02 0.76342E+21 0.12679E-04
         0.29751E+08 0.49411E-18 0.12921E+00 0.21459E-26 0.15223E+22 0.25283E-04
         0.00000E+00 0.00000E+00 0.19354E-03
 38   88.23    6.57 0.73613E-02   76.635 0.39025E+24 0.65149E-02   79.923
         0.33007E+24 0.55103E-02 0.58424E+23 0.97534E-03 0.58537E+21 0.97723E-05
         0.22812E+08 0.38083E-18 0.99073E-01 0.16539E-26 0.11672E+22 0.19486E-04
         0.00000E+00 0.00000E+00 0.18411E-03
 39   94.80   39.02 0.56724E-02   83.671 0.93144E+24 0.36726E-02   97.458
         0.78781E+24 0.31063E-02 0.13945E+24 0.54982E-03 0.13972E+22 0.55089E-05
         0.54447E+08 0.21468E-18 0.23646E+00 0.93236E-27 0.27859E+22 0.10985E-04
         0.00000E+00 0.00000E+00 0.75810E-03
