Reflectivity differences of selected regions
435
Wavelength(nm)   NDS         NDS-error   DBS           DBS-error     SBS          SBS_error
      475.000   -0.0387400   0.00925350   -0.0376251   0.00734010    0.0255982    0.0119889
      476.000   -0.0361720   0.00778042   -0.0428653   0.00652885    0.0228983    0.0103245
      477.000   -0.0423744   0.00796667   -0.0474674   0.00809690    0.0386446    0.0111703
      478.000  -0.00909832   0.00206065  -0.00681919   0.00160360    0.0180354   0.00273963
      479.000   -0.0102439   0.00257883  -0.00728864   0.00228831    0.0138174   0.00408100
      480.000   -0.0113894   0.00309699  -0.00775808   0.00297299   0.00959950   0.00542233
      481.000   -0.0125350   0.00361518  -0.00822753   0.00365770   0.00538149   0.00676370
      482.000   -0.0290544   0.00350693  -0.00902116   0.00615725    0.0255288    0.0120105
      483.000   -0.0222448   0.00397404  -0.00518078   0.00955675    0.0418099    0.0141921
      484.000   -0.0209740   0.00390360   -0.0131750   0.00904780    0.0271632    0.0103335
      485.000   -0.0182220   0.00195280   -0.0184084   0.00443908   0.00883743   0.00634680
      486.000   -0.0229168   0.00273945   -0.0215059   0.00426900   0.00866958   0.00638400
      487.000   -0.0190986   0.00378039   -0.0120319   0.00387418   0.00756571   0.00699195
      488.000   -0.0469365   0.00711699   -0.0163465   0.00998775    0.0165545   0.00984795
      489.000   -0.0563635   0.00687156 -0.000886500    0.0307732    0.0105067    0.0128488
      490.000   -0.0610468   0.00726088   -0.0294415    0.0127753   0.00867200    0.0112193
      491.000   -0.0625110   0.00775673   -0.0287665    0.0134689    0.0126155   0.00972045
      492.000   -0.0634335   0.00767147   -0.0244544    0.0106503    0.0117063    0.0100233
      493.000   -0.0576466   0.00768318   -0.0197423   0.00929630    0.0169816   0.00948595
      494.000   -0.0461178   0.00882017   -0.0239819   0.00998430    0.0169258    0.0114536
      495.000   -0.0390670   0.00737497   -0.0243603    0.0104025    0.0150434    0.0117802
      496.000   -0.0385345   0.00644653   -0.0230385    0.0109122    0.0155872    0.0115854
      497.000   -0.0399614   0.00851675   -0.0188487    0.0149985    0.0117493   0.00980385
      498.000   -0.0429583    0.0107247  -0.00985074    0.0176254   0.00194931   0.00973765
      499.000   -0.0494747   0.00850315  -0.00789875    0.0141015   0.00124723    0.0106519
      500.000   -0.0545543   0.00688870  -0.00873148    0.0112981    0.0108097    0.0132150
      501.000   -0.0570940   0.00743717   -0.0154729   0.00928970    0.0161122    0.0120042
      502.000   -0.0536707   0.00674812   -0.0166846    0.0102877   0.00272882   0.00922345
      503.000   -0.0479738   0.00497948  -0.00889039    0.0120868   -0.0104661   0.00911495
      504.000   -0.0429128   0.00459590   0.00146455    0.0136319  -0.00876689    0.0112006
      505.000   -0.0386676   0.00394676   0.00539839    0.0131084   0.00913715    0.0135537
      506.000   -0.0383678   0.00443770   0.00417286    0.0106196    0.0141863    0.0124983
      507.000   -0.0362213   0.00460135 -0.000791669   0.00653210   0.00387445    0.0103199
      508.000   -0.0308992   0.00396055  -0.00136286   0.00637370 -0.000221103    0.0100511
      509.000   -0.0302249   0.00647612   0.00132841   0.00926350   0.00157374    0.0122576
      510.000   -0.0354516   0.00552071  -0.00384131   0.00955145   0.00801691   0.00783780
      511.000   -0.0387152   0.00382962  -0.00452822    0.0122880    0.0153473   0.00692175
      512.000   -0.0428671   0.00381578  -0.00711417    0.0136921   0.00488240   0.00755880
      513.000   -0.0487854   0.00526113   -0.0197333    0.0105001  -0.00119674   0.00937320
      514.000   -0.0547918   0.00607333   -0.0195310    0.0110434   0.00733411    0.0108603
      515.000   -0.0602857   0.00574038  -0.00748444    0.0129684    0.0124187    0.0116516
      516.000   -0.0564751   0.00591786  -0.00502002    0.0115664  -0.00132596    0.0101158
      517.000   -0.0430633   0.00626777  -0.00344467   0.00837455  -0.00677043    0.0102162
      518.000   -0.0504834   0.00590917    0.0107348    0.0117140  0.000746071    0.0125047
      519.000   -0.0476905   0.00540534   0.00891787    0.0127212    0.0128592    0.0118059
      520.000   -0.0422727   0.00492218   0.00814307   0.00974305   0.00559103    0.0113225
      521.000   -0.0394188   0.00428264    0.0103917    0.0109355 -0.000158668    0.0102802
      522.000   -0.0433282   0.00424608   0.00982982    0.0126707   0.00775176   0.00909205
      523.000   -0.0506841   0.00476724   0.00305712    0.0117769    0.0117933   0.00825670
      524.000   -0.0509866   0.00558921    0.0115916    0.0134345    0.0150589   0.00762405
      525.000   -0.0442529   0.00577400   0.00741833    0.0115893   0.00337970   0.00781630
      526.000   -0.0457890   0.00729529   0.00112963    0.0140232   0.00492203   0.00718060
      527.000   -0.0397511   0.00781903  -0.00776666    0.0103376 -0.000186443   0.00821555
      528.000   -0.0499695   0.00662529  -0.00775355    0.0120579   0.00219131   0.00975605
      529.000   -0.0469502   0.00599349  -0.00125313    0.0105196 -0.000622928    0.0107626
      530.000   -0.0440581   0.00594574   0.00254101    0.0104104  0.000967562    0.0119027
      531.000   -0.0416098   0.00536778 -0.000269771    0.0107129  -0.00368369    0.0115683
      532.000   -0.0409737   0.00532688  -0.00300163   0.00957660   -0.0154068    0.0105094
      533.000   -0.0403397   0.00420669  -0.00642252   0.00715855   -0.0170530   0.00836510
      534.000   -0.0338795   0.00459542   -0.0125651   0.00537365  -0.00558329   0.00732330
      535.000   -0.0282195   0.00418155   -0.0119819   0.00657295    0.0107823   0.00586390
      536.000   -0.0251851   0.00305810  -0.00173163   0.00889770    0.0180949   0.00479652
      537.000   -0.0223316   0.00177299   0.00893635   0.00502460    0.0167593   0.00675230
      538.000   -0.0206212   0.00230272    0.0135122   0.00327942   0.00738820   0.00307353
      539.000   -0.0171597   0.00260501 -0.000537157   0.00340074   0.00172380   0.00310067
      540.000   -0.0124834   0.00183157  -0.00593603   0.00170625 -0.000400782   0.00336007
      541.000   -0.0119988   0.00235972  -0.00667161  0.000890590   0.00984535   0.00174881
      542.000  -0.00881793   0.00237547  -0.00414962   0.00106145    0.0265474   0.00280574
      543.000   -0.0101115   0.00158672   0.00146538   0.00413405    0.0382193   0.00524235
      544.000   -0.0159739   0.00243267   0.00901447   0.00942725    0.0297970   0.00296368
      545.000   -0.0224380   0.00226581   0.00187010   0.00588245    0.0265271   0.00376598
      546.000   -0.0253396   0.00226074   0.00438538   0.00616905    0.0177495   0.00612725
      547.000   -0.0317784   0.00351684    0.0104468   0.00445829   0.00694516   0.00864425
      548.000   -0.0386737   0.00460410    0.0148939   0.00518500   0.00525904   0.00717740
      549.000   -0.0391333   0.00553393    0.0140779   0.00733415   0.00549841   0.00732985
      550.000   -0.0378487   0.00626008    0.0129754   0.00915820   0.00108933   0.00776050
      551.000   -0.0360280   0.00691614    0.0137459   0.00940565 -0.000785768   0.00847705
      552.000   -0.0300176   0.00725734    0.0109699   0.00772990  -0.00497949    0.0105399
      553.000   -0.0244100   0.00622067   0.00417721   0.00702445  -0.00665942   0.00963420
      554.000   -0.0255661   0.00506958   0.00730503   0.00806725 -0.000465482   0.00778215
      555.000   -0.0271902   0.00429276   0.00763655   0.00695635  -0.00287843   0.00720035
      556.000   -0.0305954   0.00410234   0.00502861   0.00596990  -0.00646311   0.00790805
      557.000   -0.0338789   0.00401220   0.00633043   0.00536555  -0.00600579   0.00783985
      558.000   -0.0340627   0.00396069   0.00634164   0.00741045  -0.00365028   0.00749430
      559.000   -0.0384508   0.00388667   0.00610834   0.00884020  -0.00373727   0.00804110
      560.000   -0.0391995   0.00548944  0.000410140   0.00701215  -0.00308919   0.00852805
      561.000   -0.0262315   0.00600254   0.00140518   0.00506530  -0.00183868   0.00864805
      562.000   -0.0172102   0.00470977   0.00868344   0.00489652  -0.00224087   0.00806555
      563.000   -0.0226962   0.00402778   0.00274807   0.00570010  -0.00638461   0.00699875
      564.000   -0.0239190   0.00364472   0.00174046   0.00595700  -0.00309956   0.00749490
      565.000   -0.0228288   0.00371686   0.00905830   0.00512520   0.00156450   0.00873190
      566.000   -0.0226570   0.00387930    0.0122060   0.00406092 -0.000535786   0.00801735
      567.000   -0.0185929   0.00267560   0.00258222   0.00376460  -0.00323796   0.00692820
      568.000   -0.0180109   0.00240318  -0.00212008   0.00345768   0.00310788   0.00678315
      569.000   -0.0165542   0.00329182  7.33733e-05   0.00247323   0.00837433   0.00628925
      570.000   -0.0147689   0.00259419   0.00482342   0.00208218   0.00616515   0.00549865
      571.000   -0.0188948   0.00349855   0.00816905   0.00329736   0.00894824   0.00513815
      572.000   -0.0202963   0.00375766   0.00475839   0.00429227    0.0142675   0.00525560
      573.000   -0.0181139   0.00308248   0.00337455   0.00377532    0.0173697   0.00586750
      574.000   -0.0141543   0.00248808   0.00250104   0.00186797    0.0167477   0.00619885
      575.000   -0.0170685   0.00285681 -0.000746340   0.00284929    0.0155414   0.00644745
      576.000   -0.0182339   0.00366156  -0.00149050   0.00411425    0.0139963   0.00688750
      577.000   -0.0150873   0.00347468  -0.00273651   0.00201698    0.0150538   0.00787420
      578.000   -0.0137816   0.00422974  -0.00335884   0.00475968    0.0141471   0.00850290
      579.000  -0.00362321   0.00377887  -0.00551111   0.00625075    0.0195076   0.00365741
      603.000  -0.00809995   0.00468632   0.00243689   0.00501479    0.0215033    0.0101307
      604.000   -0.0125767   0.00559377    0.0103849   0.00377884    0.0234991    0.0166040
      605.000   -0.0122102   0.00330378   0.00629932   0.00198937    0.0180348    0.0132712
      606.000   -0.0116760   0.00193747   0.00747541   0.00179768    0.0116593   0.00631030
      607.000  -0.00981161   0.00117186   0.00729772   0.00260867    0.0178891   0.00433784
      608.000   -0.0100719  0.000748923   0.00289443   0.00423309    0.0244153   0.00311133
      609.000   -0.0132039   0.00137394   0.00171888   0.00424164    0.0254388   0.00314853
      610.000   -0.0123181   0.00195543   0.00545949   0.00504125    0.0271481   0.00256981
      611.000  -0.00721057   0.00126906   0.00164671   0.00367656    0.0245669   0.00174512
      612.000  -0.00483255  0.000591502  -0.00294703   0.00241873    0.0227609   0.00355955
      613.000  -0.00259762  0.000794496  -0.00226140   0.00296277    0.0282973   0.00875895
      614.000  -0.00239779   0.00139607  0.000432551   0.00281494    0.0440401   0.00848425
      615.000  -0.00378186   0.00174837  0.000763938   0.00223740    0.0526721   0.00576560
      616.000  -0.00310741   0.00172723 -0.000166453   0.00191647    0.0624667    0.0101263
      617.000 -0.000834398   0.00158966  -0.00153739   0.00122459    0.0635445    0.0129772
      618.000 -0.000401095   0.00140248  -0.00216082   0.00134066    0.0495923   0.00907455
      619.000  -0.00373202  0.000799942  -0.00234359   0.00147363    0.0458298    0.0100752
      620.000  -0.00549739  0.000947499  -0.00138386  0.000898600    0.0504318   0.00895265
      621.000  -0.00488131   0.00181871  -0.00141584  0.000659965    0.0573305    0.0124948
      622.000  -0.00455093   0.00210730  -0.00198885  0.000888395    0.0535985    0.0103315
      623.000  -0.00458576   0.00165657 -0.000514686   0.00113066    0.0524363   0.00691050
      624.000  -0.00513592   0.00154039  0.000742197  0.000986645    0.0459298   0.00524555
      625.000  -0.00436418   0.00189811 -0.000798628   0.00130346    0.0357165   0.00475956
      626.000  -0.00440448   0.00247279  0.000586510   0.00213875    0.0254665   0.00400521
      627.000  -0.00475035   0.00223281   0.00658643   0.00225694    0.0210776   0.00415431
      628.000  -0.00737908   0.00216953    0.0112797   0.00363985    0.0188257   0.00518675
      629.000  -0.00581222   0.00643626    0.0143053   0.00489617    0.0158556   0.00582890
      630.000  -0.00301563   0.00678394    0.0127835   0.00381345   0.00740087   0.00523445
      631.000 -0.000934423   0.00325639   0.00828025   0.00330405   0.00190842   0.00533725
      632.000  -0.00176496   0.00227621   0.00917885   0.00198002   0.00349194   0.00561640
      633.000  -0.00574649   0.00323890    0.0119636   0.00205773   0.00477487   0.00571000
      634.000  -0.00901244   0.00312706    0.0112041   0.00308525   0.00325173   0.00615000
      635.000  -0.00859919   0.00282195   0.00907120   0.00318692   0.00400275   0.00608490
      636.000  -0.00708178   0.00299283   0.00745270   0.00364651   0.00721946   0.00494270
      637.000  -0.00838782   0.00299640    0.0109334   0.00590705    0.0127461   0.00435189
      638.000  -0.00647381   0.00285175    0.0141723   0.00510740    0.0136566   0.00448431
      639.000  -0.00410336   0.00201458    0.0132758   0.00295016    0.0145520   0.00499824
      640.000  -0.00378275   0.00257573   0.00851503   0.00209479    0.0158671   0.00504055
      641.000  -0.00374222   0.00242773  0.000706583   0.00137116    0.0181832   0.00379174
      642.000  -0.00530478   0.00114469   0.00600436   0.00173074    0.0194047   0.00406648
      643.000  -0.00766590  0.000958554    0.0149651   0.00252413    0.0236843   0.00543810
      644.000  -0.00674536   0.00137057    0.0123256   0.00345698    0.0220311   0.00587785
      645.000  -0.00604203   0.00153054   0.00933328   0.00491908    0.0235963   0.00563320
      646.000  -0.00795403  0.000749810   0.00948167   0.00638555    0.0280280   0.00561240
      647.000  -0.00781289   0.00112444    0.0108358   0.00689280    0.0324177   0.00585400
      648.000  -0.00681385  0.000852618    0.0114869   0.00498988    0.0315494   0.00480346
      649.000  -0.00479776   0.00135175   0.00704759   0.00257186    0.0349764   0.00449964
      650.000  -0.00387921   0.00151160   0.00529087   0.00320710    0.0398351   0.00442596
      651.000  -0.00671489   0.00143686    0.0109988   0.00238155    0.0373312   0.00354003
      652.000  -0.00828206   0.00133325    0.0101599  0.000827010    0.0269519   0.00242192
      653.000  -0.00543453  0.000787152   0.00637449   0.00224055    0.0306487   0.00306674
      654.000  -0.00302362   0.00156809  0.000797987   0.00187620    0.0352300   0.00430960
      655.000  0.000164375   0.00242709  -0.00138266   0.00308147    0.0457851   0.00669275
      656.000  -0.00273992  0.000506554  -0.00241432   0.00124361    0.0437437   0.00519580
      657.000  -0.00495035   0.00152037   0.00348380   0.00143260    0.0540208   0.00670200
      658.000  -0.00303072   0.00144705    0.0134248   0.00674670    0.0603300   0.00881080
      659.000  0.000218659   0.00112473   0.00886157   0.00412758    0.0528820   0.00987690
      660.000   0.00225380   0.00107152   0.00504234   0.00244010    0.0540584    0.0134669
      661.000   0.00293437   0.00175550  0.000995189   0.00168536    0.0606595    0.0155735
      662.000  -0.00129768   0.00162961  -0.00208980   0.00148693    0.0618617    0.0126756
      663.000  -0.00314480   0.00143575  -0.00292636   0.00144056    0.0626717   0.00976615
      664.000  -0.00117473  0.000789930  -0.00216055   0.00120715    0.0665888    0.0104769
      665.000   0.00123388  0.000652641  -0.00153746   0.00116524    0.0615568    0.0125443
      666.000   0.00121703   0.00106861  -0.00110755  0.000576510    0.0564442    0.0142275
      667.000  0.000250741   0.00103464 -0.000742629  0.000666550    0.0559526    0.0128535
      668.000  0.000465088  0.000661369   0.00116582   0.00173924    0.0672188    0.0118884
      669.000   0.00176641  0.000845595   0.00567390   0.00464664    0.0732221   0.00981340
      670.000   0.00324159   0.00184036    0.0106639   0.00909055    0.0738372    0.0120639
      671.000   0.00183358   0.00144062   0.00565234   0.00327592    0.0640910    0.0146738
      672.000  -0.00177951  0.000467681  0.000631377  0.000449874    0.0439955    0.0156936
      673.000  -0.00356364  0.000674438   0.00236711  0.000417889    0.0234055   0.00293036
      674.000  -0.00647030   0.00164362    0.0142066   0.00227625    0.0405014   0.00457660
      675.000   -0.0100067   0.00179199    0.0158696   0.00157713    0.0289391   0.00467105
      676.000   -0.0104901   0.00150696    0.0177683   0.00113817    0.0229890   0.00472223
      677.000  -0.00881592   0.00172100    0.0180599   0.00127390    0.0232292   0.00502905
      678.000   -0.0102416   0.00210286    0.0154295   0.00181538    0.0260792   0.00561205
      679.000   -0.0129976   0.00151161    0.0122522   0.00148434    0.0272585   0.00626565
      680.000   -0.0107392  0.000515373    0.0147035   0.00328301    0.0346774   0.00666385
      681.000  -0.00727049   0.00100203    0.0110558   0.00312305    0.0338923   0.00579750
      682.000  -0.00324165   0.00184840   0.00460918   0.00240623    0.0431388    0.0129616
      683.000 -0.000118494   0.00120619   0.00148286  0.000808715    0.0518925    0.0215304
      684.000   0.00122043   0.00121042   0.00748508   0.00454977    0.0574556    0.0131165
      685.000  -0.00106096   0.00202721   0.00679551   0.00358340    0.0425319   0.00590295
      686.000  -0.00437492   0.00163895   0.00513792   0.00324123    0.0342098   0.00429046
      687.000  -0.00459040   0.00106272   0.00873201   0.00483412    0.0313201   0.00424196
      688.000  -0.00370029   0.00102929    0.0111535   0.00265580    0.0266293   0.00419814
      689.000  -0.00261154  0.000711228    0.0137426   0.00187594    0.0286883   0.00477599
      690.000 -0.000383735   0.00104622    0.0135956   0.00236950    0.0297871   0.00554740
      691.000  -0.00105177   0.00142956    0.0147182   0.00249649    0.0320279   0.00900120
      692.000  -0.00400878  0.000960373    0.0150471   0.00278901    0.0304399   0.00694825
      693.000  -0.00408803  0.000927535    0.0129660   0.00273171    0.0303171   0.00433721
      694.000  -0.00122900   0.00182818    0.0141515   0.00295099    0.0380391   0.00490007
      695.000  -0.00251674   0.00208766   0.00610831   0.00232916    0.0452799   0.00628515
      696.000  -0.00392299   0.00151258  0.000688061   0.00105163    0.0596896   0.00915705
      697.000  -0.00164486   0.00104008 -0.000343129   0.00130935    0.0726629    0.0171907
      698.000  0.000117935   0.00110174 -0.000239573   0.00200504    0.0734425    0.0170582
      699.000  0.000627131   0.00135261  -0.00150401   0.00115619    0.0742816    0.0132624
      700.000   0.00150311   0.00103589  -0.00365907  0.000344562    0.0828470    0.0223770
      701.000   0.00276238  0.000997883  -0.00287627  0.000728020    0.0963520    0.0228274
      702.000   0.00315248   0.00104071  0.000710756   0.00184321     0.107250    0.0212538
      703.000   0.00318948  0.000572816   0.00200074   0.00177147     0.110544    0.0235220
      704.000   0.00447456  0.000982704   0.00204359  0.000912115     0.105045    0.0179404
      705.000   0.00326014   0.00146984   0.00141468  0.000973145    0.0898149    0.0134040
      706.000   0.00267598   0.00133625 -0.000487514  0.000592640    0.0949191    0.0203247
      707.000   0.00488798  0.000963005  -0.00128698   0.00149724    0.0989805    0.0269593
      708.000   0.00331229  0.000861653  -0.00267927   0.00136170    0.0963658    0.0287492
      709.000 -1.06245e-05  0.000653990  -0.00306784   0.00161420    0.0931081    0.0266575
      710.000 -0.000390306   0.00119514  -0.00244740   0.00162330    0.0682954    0.0128733
      711.000   0.00219663   0.00107055 -5.50598e-05   0.00208922    0.0707878    0.0148482
      712.000   0.00270146  0.000667563   0.00351603   0.00473518    0.0690421    0.0101051
      713.000   0.00225777  0.000541790  -0.00151967   0.00266981    0.0925616    0.0167460
      714.000  0.000670583  0.000670796  -0.00277434   0.00198733    0.0939052    0.0246572
      715.000  0.000251324   0.00115051  -0.00173173  0.000666590    0.0973028    0.0298335
      716.000  0.000380390  0.000924286  0.000225864   0.00126522    0.0878876    0.0151231
      717.000  0.000555888  0.000858381  0.000183433   0.00102355     0.112070    0.0214531
      718.000  0.000142898  0.000504782  -0.00120201  0.000484080     0.120658    0.0252634
      719.000  0.000140924  0.000442970  -0.00151106  0.000548180     0.117695    0.0241819
      720.000 -0.000563521  0.000533191 -0.000529286  0.000753780     0.124415    0.0297293
      721.000 -0.000244758  0.000507737   0.00214372   0.00329068     0.145441    0.0394117
      722.000   0.00112309   0.00133921  -0.00102128   0.00104991     0.159245    0.0427104
      723.000   0.00161029   0.00137296  -0.00167897  0.000862845     0.154891    0.0393829
      724.000  0.000379081  0.000467123  -0.00131757  0.000823385     0.131743    0.0299136
      725.000 -0.000592203  0.000308792 -0.000939656  0.000697945     0.137343    0.0366954
      726.000 -0.000915739  0.000676313  -0.00166541  0.000692020     0.122110    0.0299953
      727.000 -0.000866890  0.000541495  -0.00244539  0.000501150     0.123503    0.0308193
      728.000 -0.000224061  0.000417935  -0.00207219  0.000225832     0.127895    0.0325569
      729.000  0.000829644  0.000404921 -0.000671610  0.000458309     0.131261    0.0330676
      730.000  0.000164982  0.000481967 -0.000916608  0.000592825     0.141575    0.0393014
      731.000 -0.000465457  0.000838634  -0.00250287  0.000533160     0.144043    0.0362772
      732.000 -0.000967118  0.000660082  -0.00239733  0.000352889     0.142736    0.0301470
      733.000 -0.000547212  0.000893859  -0.00143884  0.000289916     0.150632    0.0334745
      734.000  0.000578151  0.000825179  -0.00117111  0.000470664     0.130637    0.0292659
      735.000   0.00118009  0.000366019  -0.00196212  0.000470187     0.127689    0.0292441
      736.000   0.00195786  0.000600496  -0.00216983  0.000578805     0.136115    0.0284290
      737.000   0.00218510  0.000557115  -0.00101688   0.00116781     0.129080    0.0251292
      738.000   0.00202817  0.000835070 -0.000912327   0.00151999     0.121997    0.0269012
      739.000   0.00282953  0.000676119  0.000303708   0.00150580     0.123611    0.0230358
      740.000   0.00261827  0.000621747   0.00158903   0.00126860     0.113193    0.0282684
      741.000   0.00184616   0.00200828   0.00399607   0.00370445     0.113286    0.0565245
      742.000  0.000354752   0.00128086   0.00826244   0.00620230     0.108048    0.0619920
      743.000  -0.00184847  0.000474658    0.0132426   0.00641430    0.0817917    0.0134193
      744.000  -0.00236841  0.000872026    0.0293344   0.00924380    0.0728528   0.00910035
      745.000 -0.000961096   0.00156778    0.0288508   0.00594240    0.0617015   0.00879900
      746.000  -0.00123133   0.00202218    0.0202544   0.00387348    0.0661956    0.0161991
      747.000  -0.00408942   0.00300334    0.0107739   0.00369292    0.0642426   0.00947240
      748.000  -0.00500274   0.00306803    0.0118757   0.00574495    0.0727942    0.0165724
      749.000  -0.00459284   0.00172472    0.0166711   0.00501230    0.0538322   0.00805870
      750.000  -0.00363327  0.000796468    0.0244241   0.00780630    0.0706097    0.0140876
      751.000  -0.00221388   0.00100240    0.0249905   0.00866390    0.0715660    0.0116134
      752.000  -0.00164469   0.00118434    0.0221823   0.00620410    0.0731920    0.0148937
      753.000  -0.00282928   0.00117096    0.0282793   0.00313915    0.0688171   0.00905845
      754.000  -0.00284729  0.000776301    0.0399915   0.00763655    0.0881676    0.0204729
      755.000  -0.00209093   0.00129415    0.0248892   0.00450233    0.0766838    0.0182817
      756.000  -0.00312962   0.00179176    0.0145686   0.00155051    0.0451777   0.00753100
      757.000  -0.00396934   0.00217381   0.00928637  0.000966740    0.0431837    0.0102293
      758.000  -0.00306491   0.00231890   0.00647546  0.000728050    0.0628558    0.0258883
      759.000 -0.000858544   0.00222890   0.00930886   0.00588995    0.0827339    0.0393960
      760.000  0.000980512   0.00343869    0.0183963    0.0137631     0.101199    0.0378436
      761.000 -0.000111185   0.00345200   0.00804875   0.00440737    0.0823524    0.0178120
      762.000 -0.000635251  0.000598173   0.00263939  0.000879020     0.127012    0.0494987
      763.000  0.000388048  0.000665882 -0.000957660  0.000678740     0.134907    0.0571180
      764.000  0.000467159  0.000531671  -0.00252945  0.000911365     0.138563    0.0430124
      765.000   0.00199142   0.00106681  0.000785194   0.00263137     0.158434    0.0448828
      766.000   0.00543200   0.00291584   0.00555998   0.00552870     0.151487    0.0445904
      767.000   0.00191116   0.00121562   0.00159492   0.00125604     0.153413    0.0384466
      768.000 -0.000912859   0.00137655   0.00186652  0.000463802     0.137933    0.0237092
      769.000  -0.00144272   0.00128803   0.00187840  0.000970110     0.102177    0.0221102
      770.000  0.000255317  0.000711085   0.00104048  0.000880540     0.103372    0.0251987
      771.000  0.000709742  0.000969230 -0.000712425   0.00103620     0.106540    0.0254099
      772.000  7.29411e-06   0.00121437  -0.00204444  0.000572095     0.103952    0.0134505
      773.000   0.00106166  0.000805073  -0.00275362  0.000417289    0.0909275   0.00971385
      774.000   0.00299609  0.000220847 -0.000898719  0.000275562     0.110395    0.0139387
      775.000   0.00148053  0.000469182  0.000420813  0.000560240     0.133031    0.0249934
      776.000 -0.000302184  0.000499864 -0.000362214   0.00129814     0.129332    0.0227807
      777.000 -0.000434023  0.000355857 -0.000513192   0.00149120     0.127285    0.0239285
      778.000  0.000221152  0.000467368 -0.000587419  0.000771470     0.139932    0.0373577
      779.000  0.000612147  0.000454383  -0.00132230  0.000395778     0.153882    0.0475823
      780.000  0.000428531  0.000502571 -0.000514522  0.000550635     0.163701    0.0506900
      781.000 -0.000273568  0.000755557  0.000220187  0.000775150     0.160012    0.0461642
      782.000 -0.000286155  0.000750324 -0.000480834  0.000733615     0.153068    0.0399906
      783.000  0.000838436  0.000825452 -0.000492435  0.000847260     0.155459    0.0426029
      784.000   0.00232315   0.00194621  0.000801727   0.00188039     0.166411    0.0488950
      785.000  0.000186402   0.00122644  8.81068e-05   0.00124268     0.170916    0.0445834
      786.000 -0.000662979   0.00108971 -6.37062e-05  0.000385131     0.165531    0.0418580
      787.000  -0.00109635  0.000502572 -0.000196099  0.000565220     0.152654    0.0363236
      788.000  -0.00153938  0.000324021  8.06078e-05  0.000690430     0.143743    0.0292810
      789.000  -0.00173484  0.000498081   0.00108763  0.000593515     0.148417    0.0349238
      790.000 -0.000368774  0.000945401   0.00113434  0.000348484     0.153389    0.0408999
      791.000  0.000770002  0.000926081  0.000511508  0.000662245     0.158783    0.0409037
      792.000  0.000588906  0.000931229 -0.000442617  0.000240197     0.165893    0.0427911
      793.000 -0.000288898  0.000861530 -0.000851694  0.000208816     0.161389    0.0436616
      794.000 -0.000614420  0.000975929 -0.000669280  0.000577700     0.156143    0.0446157
      795.000  -0.00118049  0.000522557 -0.000534905  0.000135336    0.0901103    0.0268163
      796.000  -0.00271100  0.000738693 -0.000660092  0.000263103     0.123911    0.0271215
      797.000  -0.00178925  0.000452719 -0.000776602  0.000656310     0.124167    0.0335388
      798.000 -0.000577341  0.000363496 -0.000894915  0.000802515     0.128107    0.0318168
      799.000 -0.000368970  0.000263934 -0.000939948  0.000486134     0.117424    0.0270607
      800.000 -0.000766951  0.000306366  -0.00201453  0.000405649     0.118293    0.0274602
      801.000  -0.00108192  0.000379042  -0.00262876  0.000147821     0.131904    0.0472962
      802.000 -0.000588022  0.000385350  -0.00166459  0.000566750     0.135761    0.0309920
      803.000  0.000168625  0.000665538 -0.000218287  0.000810650     0.134454    0.0302538
      804.000  0.000920200   0.00130895  0.000658542  0.000769170     0.140214    0.0436344
      805.000   0.00139197   0.00137073   0.00211250   0.00285657     0.167352    0.0435583
      806.000  0.000925969   0.00157763  0.000506897   0.00239990     0.164338    0.0396131
      807.000  0.000600940   0.00110238  -0.00168231  0.000695860     0.152170    0.0378014
      808.000  0.000184447  0.000551096  -0.00181038  0.000664805     0.150205    0.0431635
      809.000  0.000773069  0.000709895  0.000139005   0.00102785     0.152744    0.0414126
      810.000   0.00201979  0.000470462   0.00117889   0.00102200     0.143323    0.0324940
      811.000   0.00294672  0.000709453  0.000204649  0.000854630     0.143281    0.0346634
      812.000   0.00640776   0.00378995 -0.000460133  0.000648900     0.155301    0.0433046
      813.000   0.00507666   0.00240917  -0.00109677  0.000580725     0.174134    0.0436476
      814.000   0.00397416   0.00133097  -0.00121561   0.00103048     0.166095    0.0459684
      815.000   0.00449275  0.000239472  0.000237651   0.00145932     0.156378    0.0382380
      816.000   0.00754437   0.00209895   0.00246335   0.00149773     0.151530    0.0446086
      817.000    0.0161932   0.00896497   0.00520114   0.00208950     0.143795    0.0480592
      818.000   0.00498271   0.00175965   0.00985501   0.00544690     0.132644    0.0413195
      819.000   0.00225640   0.00111459    0.0143183   0.00925290     0.128242    0.0315377
      820.000   0.00193704   0.00197700   0.00877272   0.00503025     0.126172    0.0343537
      821.000   0.00100197   0.00169747   0.00718357   0.00434302     0.120252    0.0354167
      822.000 -0.000565305   0.00115321   0.00899261   0.00418184     0.128142    0.0358311
      823.000 -0.000735299  0.000868249    0.0129074   0.00382726     0.125520    0.0353304
      824.000  0.000173427   0.00172601    0.0185366   0.00634420     0.117397    0.0358917
      825.000  0.000726930   0.00151304    0.0216010   0.00683315     0.113635    0.0335150
      826.000   0.00246471  0.000889825    0.0200050   0.00303085     0.124084    0.0441713
      827.000   0.00514919   0.00220026    0.0246876   0.00471713     0.140155    0.0465846
      828.000   0.00206988   0.00172111    0.0384439   0.00837775     0.149451    0.0533335
      829.000 -0.000294805   0.00173068    0.0578275   0.00961590     0.140885    0.0539430
      830.000  -0.00108547   0.00350028    0.0752911    0.0167114     0.122235    0.0393301
      831.000  -0.00216065   0.00235186    0.0578541   0.00989790     0.108836    0.0314545
      832.000 -0.000993610   0.00139054    0.0332308   0.00587900     0.105277    0.0245482
      833.000  3.25589e-05   0.00123383    0.0210660   0.00272570     0.117534    0.0240337
      834.000 -0.000260741  0.000772736    0.0152324   0.00460406     0.143793    0.0292327
      835.000  0.000502731  0.000191005   0.00480087   0.00211636     0.141061    0.0310991
      836.000  0.000663012  0.000454709  0.000233520   0.00109971     0.153099    0.0362869
      837.000  0.000602167  0.000525343 -0.000685867  0.000844890     0.160787    0.0391987
      838.000  0.000700814  0.000656688 -0.000667870  0.000241650     0.162870    0.0382731
      839.000  0.000925410  0.000440312  -0.00113309  0.000192470     0.164468    0.0392620
      840.000   0.00159462  0.000370719  -0.00130455  0.000550270     0.162993    0.0395048
      841.000   0.00126034  0.000170680  -0.00140919  0.000853115     0.158082    0.0421205
      842.000  0.000623471  0.000294234  -0.00165005  0.000903270     0.166706    0.0454605
      843.000  6.26184e-05  0.000625296 -0.000673711  0.000992245     0.165159    0.0465079
      844.000 -0.000218103  0.000815791  8.74922e-05  0.000622750     0.164823    0.0420412
      845.000 -9.02378e-05  0.000747095 -0.000597533  0.000526140     0.169458    0.0396609
      846.000  0.000968586  0.000428465  -0.00120519   0.00104947     0.163139    0.0387320
      847.000   0.00167251  0.000142346 -0.000614982   0.00110277     0.152863    0.0402539
      848.000   0.00172992  0.000943033   0.00425749   0.00239858     0.152823    0.0423571
      849.000   0.00149200  0.000905878   0.00865224   0.00175808     0.150986    0.0451370
      850.000   0.00252259  0.000868450    0.0108610   0.00364158     0.149517    0.0433149
      851.000   0.00173544  0.000558721   0.00451856   0.00363683     0.159272    0.0426769
      852.000  0.000636026  0.000421231 -0.000636203  0.000359111     0.158948    0.0411046
      853.000  0.000988897  0.000609002  -0.00127970  0.000308080     0.139666    0.0299488
      854.000  0.000902603  0.000298975  -0.00140223  0.000467960     0.127858    0.0233785
      855.000  0.000734022  0.000972856 -0.000269366  0.000879115     0.166513    0.0440361
      856.000   0.00261605   0.00172620 -0.000169722  0.000539430     0.175265    0.0496447
      857.000   0.00149987   0.00125554 -0.000932273  0.000810440     0.171761    0.0477935
      858.000  0.000215577  0.000143636  0.000167392   0.00296300     0.169470    0.0460690
      859.000   0.00163648  0.000629407 -0.000401419   0.00141990     0.165541    0.0449968
      860.000   0.00227425   0.00104117 -6.24824e-05  0.000461768     0.158280    0.0429116
      861.000  0.000897107  0.000690936  0.000206411  0.000406686     0.156409    0.0488206
      862.000  8.80974e-05  0.000503713 -0.000829315  0.000234726     0.151021    0.0449120
      863.000 -0.000178691  0.000588494 -0.000912656  0.000386964     0.154248    0.0434190
      864.000  0.000482497  0.000831868  0.000342720  0.000422588     0.161290    0.0497314
      865.000   0.00268038   0.00198646   0.00187064  0.000451356     0.157833    0.0534765
      866.000   0.00106189  0.000938158   0.00279879   0.00129071     0.153465    0.0506880
      867.000 -0.000223529  0.000392439   0.00145507  0.000491622     0.162394    0.0477948
      868.000 -0.000713721  0.000352055   0.00159263  0.000739340     0.166441    0.0442229
      869.000  -0.00118024  0.000267224   0.00293369   0.00205777     0.164064    0.0462045
      870.000  -0.00119285  0.000353465   0.00126781   0.00144481     0.161881    0.0480963
      871.000 -0.000759305  0.000507447  -0.00106051  0.000384690     0.161272    0.0456102
      872.000 -0.000636379  0.000317493  -0.00189568  0.000294022     0.158741    0.0404472
      873.000 -0.000728597  0.000411849  -0.00140960  0.000976620     0.157684    0.0407725
      874.000 -0.000355124  0.000926041 -0.000794882   0.00146786     0.169216    0.0475129
      875.000  0.000304095  0.000666198 -0.000810208   0.00108089     0.187669    0.0540965
      876.000  0.000841217  0.000224059 -0.000238905  0.000418157     0.194084    0.0546010
      877.000 -6.69473e-05  0.000410106 -0.000451138  0.000715970     0.188131    0.0535685
      878.000  -0.00115163  0.000270737  0.000188483   0.00148335     0.177919    0.0493716
      879.000 -0.000399539  0.000812761  0.000139028  0.000519465     0.170574    0.0482100
      880.000   0.00136694   0.00153190  0.000553498  0.000544170     0.172677    0.0504050
      881.000   0.00124251  0.000725120  0.000375207  0.000562015     0.190203    0.0540715
      882.000   0.00100716  0.000514836  0.000315451   0.00101670     0.194496    0.0533075
      883.000  0.000853726  0.000707142  0.000260900  0.000841150     0.160281    0.0512480
      884.000  0.000431159  0.000470662  5.54631e-05  0.000455218     0.142317    0.0504405
      885.000  0.000175807  0.000313214 -0.000538841  0.000176839     0.139710    0.0531155
      886.000  0.000328027  0.000261101  -0.00111197  0.000227368     0.138877    0.0484966
      887.000  2.27215e-05  5.10232e-05 -0.000698824  0.000353440     0.145322    0.0500680
      888.000  0.000270593  0.000115125 -0.000164229  0.000529095     0.156656    0.0693785
      889.000  0.000972739  0.000212675  2.88012e-05  0.000592840     0.152182    0.0636070
      890.000  0.000430996  0.000290758  9.18517e-05  0.000275769     0.152215    0.0565945
      891.000 -0.000694011  0.000239766  0.000708519  0.000346766     0.158796    0.0543490
      892.000 -0.000444023  0.000404061  0.000670114  0.000362714     0.155573    0.0514045
      893.000 -0.000111881  0.000584808  4.95687e-05  0.000291822     0.158415    0.0659255
      894.000 -0.000293178  0.000252698 -0.000275685  0.000453288     0.164275    0.0680575
      895.000 -0.000751783  0.000525664 -0.000298640  0.000433460     0.176831    0.0668820
      896.000 -0.000471339  0.000583594 -0.000361571  0.000559780     0.164274    0.0614290
      897.000  0.000101444   0.00116896 -0.000678862  0.000331428     0.166734    0.0615055
      898.000  9.97540e-06  0.000305957 -0.000577830  0.000353064     0.187186    0.0604525
      899.000  0.000853586  0.000312472 -0.000817354  0.000359482     0.190553    0.0642450
      900.000  0.000879780  0.000334373 -0.000789576  0.000620470     0.178594    0.0677720
      901.000  0.000342893  0.000452217 -7.46269e-06   0.00101412     0.171998    0.0702815
      902.000 -0.000249912  0.000269904  0.000903591   0.00158961     0.175472    0.0672195
      903.000 -0.000486326  0.000494428   0.00138180   0.00132790     0.188214    0.0637890
      904.000 -0.000410819  0.000683139   0.00282549   0.00181082     0.192862    0.0545300
      905.000 -0.000596604  0.000442967  0.000640251  0.000369082     0.195780    0.0550710
      906.000 -0.000560706  0.000390147 -0.000346927  0.000441398     0.197437    0.0592400
      907.000 -0.000435436  0.000486319 -0.000291761   0.00106289     0.193637    0.0640270
      908.000 -0.000686690  0.000842390  0.000328191   0.00161644     0.190314    0.0810125
      909.000  -0.00145239  0.000730190  1.58716e-05   0.00130729     0.193885    0.0840825
      910.000  -0.00138819  0.000535176 -0.000587599  0.000527345     0.185941    0.0615905
      911.000  0.000215318  0.000597206  -0.00123148  0.000742625     0.194056    0.0678220
      912.000   0.00103094  0.000536282  -0.00147357   0.00103721     0.190549    0.0496302
      913.000  0.000430515  0.000234952 -0.000997314  0.000858760     0.193452    0.0479861
      914.000 -0.000544325  0.000439013 -0.000760484  0.000785090     0.192067    0.0414121
      915.000 -0.000861211  0.000243323 -0.000785971  0.000518795     0.183951    0.0416784
      916.000  -0.00147113  0.000585312 -0.000772784  0.000544450     0.184719    0.0327379
      917.000 -0.000689844   0.00142952 -0.000194997  0.000672630     0.188124    0.0501770
      918.000  0.000313714   0.00125658 -2.63806e-05  0.000802480     0.188688    0.0501535
      919.000   0.00106895  0.000871952   0.00349894   0.00349515     0.202716    0.0571980
      920.000 -5.66243e-06  0.000872775  3.51537e-05  0.000766985     0.183942     0.115443
      921.000 -0.000423789  0.000176626  3.20971e-05  0.000967745     0.169279    0.0949380
      922.000 -0.000508805  0.000938032  0.000404730   0.00105076     0.159072    0.0952660
      923.000 -0.000870033   0.00100651  0.000197407   0.00100642     0.128786    0.0525960
      924.000  -0.00106155  0.000988477 -0.000717096  0.000700000     0.137299    0.0599990
      925.000  0.000949201  0.000461548  -0.00137531  0.000538325     0.145490    0.0658655
      926.000   0.00246199  0.000592774 -0.000457879  0.000511140     0.161480    0.0731660
      927.000   0.00281100  0.000642249   0.00154443  0.000774060     0.130022    0.0469068
      928.000   0.00112111   0.00170227   0.00411981   0.00134507     0.151011    0.0576725
      929.000  -0.00138066   0.00319245   0.00869592   0.00195140     0.207885    0.0889920
      930.000   0.00174691   0.00520137    0.0140469   0.00434440     0.232465    0.0917875
      931.000   0.00396963   0.00220397   0.00913067   0.00167134    0.0995889    0.0234392
      932.000   0.00242221   0.00132057    0.0102350  0.000789365     0.155832    0.0640575
      933.000   0.00222690   0.00163529    0.0140063  0.000916020    0.0683757    0.0168301
