Background
Aerosol-1
wavelength, x-sec, SSA, f, g1, g2
     0.300000      12.4706     0.930652     0.999999     0.620800    -0.100000
     0.400000      5.85396     0.990650     0.999999     0.516642    -0.100000
     0.500000      3.07505     0.996767     0.992496     0.395627    -0.611941
     0.600000      1.74721     0.997200     0.920671     0.345774    -0.391062
     0.700000      1.20615     0.858886     0.830260     0.325620    -0.331666
     0.800000      1.00000     0.654952     0.759551     0.315906    -0.312036
     0.900000     0.470312     0.964079     0.708065     0.310288    -0.304442
      1.00000     0.316050     0.946010     0.669034     0.307079    -0.300411
 
Aerosol-2
wavelength, x-sec, SSA, f, g1, g2
     0.300000     0.893607     0.970640     0.947001     0.872031    -0.574610
     0.400000     0.938690     0.984559     0.947541     0.844683    -0.542635
     0.500000     0.975828     0.990092     0.952677     0.821423    -0.516779
     0.600000      1.00119     0.998325     0.959024     0.802154    -0.501846
     0.700000      1.00910     0.980050     0.968767     0.788845    -0.487322
     0.800000      1.00000     0.956550     0.977873     0.778670    -0.486173
     0.900000     0.988402     0.994059     0.978399     0.764909    -0.504974
      1.00000     0.955643     0.986778     0.984106     0.757327    -0.521581
 
Aerosol-3
wavelength, x-sec, SSA, f, g1, g2
     0.300000      35.6473     0.982264     0.920753     0.345781    -0.391129
     0.400000      14.0816     0.948273     0.758915     0.315810    -0.312026
     0.500000      5.96443     0.979216     0.668298     0.307168    -0.300182
     0.600000      2.91858     0.988658     0.617706     0.303486    -0.297458
     0.700000      1.61591     0.973707     0.586853     0.301591    -0.296741
     0.800000      1.00000     0.926649     0.566733     0.300478    -0.296620
     0.900000     0.714900     0.810950     0.553010     0.299722    -0.296745
      1.00000     0.520270     0.732713     0.542894     0.299322    -0.296759
 
DBS-2019 - Unmodified Aerosol-1 radius
Aerosol-1
wavelength, x-sec, SSA, f, g1, g2
     0.300000      18.2005     0.907554     0.999999     0.624443    -0.100000
     0.400000      8.52583     0.979613     0.999999     0.516727    -0.100000
     0.500000      4.46101     0.993479     0.992240     0.395330    -0.608334
     0.600000      2.54594     0.995086     0.920066     0.345730    -0.390119
     0.700000      1.71454     0.890720     0.829999     0.325608    -0.331548
     0.800000      1.00000     0.975018     0.758619     0.315844    -0.311869
     0.900000     0.638081     0.991998     0.706345     0.310482    -0.303775
      1.00000     0.438961     0.966103     0.668081     0.307195    -0.300112
 
DBS-2019 - Modified Aerosol-1 radius
Aerosol-1
wavelength, x-sec, SSA, f, g1, g2
     0.300000     0.659622     0.821719     0.963817     0.891344    -0.612877
     0.400000     0.645893     0.983830     0.917069     0.849936    -0.504709
     0.500000     0.683356     0.998037     0.919596     0.810472    -0.417890
     0.600000     0.816332     0.998970     0.946896     0.795923    -0.401940
     0.700000     0.934540     0.970022     0.970873     0.792610    -0.421450
     0.800000      1.00000     0.982899     0.981419     0.783465    -0.476573
     0.900000      1.01180     0.995350     0.988564     0.772008    -0.550444
      1.00000     0.943486     0.940997     0.998315     0.765720    -0.741248
